48
1
127.118951842954 
-145.199226307427 
123.527937178447 
46.7292932156156 
-181.827007889815 
-3.50200693131177 
20.2617279214328 
0.323758154282029 
45.0255350639459 
151.600621721845 
74.6111198339181 
-60.5307754057177 
-50.9008551091659 
41.4303990055885 
-265.016222629469 
167.236973072283 
252.764004837162 
7.76269015758023 
119.648503728362 
-94.2179634901261 
-37.4816754803844 
-200.968418310494 
-5.82253059914147 
-45.6885818761937 
95.3839303293681 
301.416100273634 
15.2121873769435 
52.9276599126076 
58.7073091580565 
108.490701403914 
96.2355282090188 
72.864917596802 
14.4559498724077 
52.9376454677139 
19.0049628448789 
99.978388900605 
171.566894392102 
-130.867770982483 
-41.4829719975651 
-12.8492928672037 
-37.6747522231043 
45.4296657361595 
-35.591504237118 
-107.475858388802 
80.3711147939358 
-146.659734465641 
53.8924571480891 
104.766811122521 
